# Created by Octave 5.2.0, Sun Dec 06 19:04:17 2020 CET <helena@helena-Aspire-A315-42>
# name: G
# type: sparse bool matrix
# nnz: 1347
# rows: 100
# columns: 100
2 1 1
3 1 1
4 1 1
5 1 1
6 1 1
7 1 1
8 1 1
9 1 1
10 1 1
11 1 1
12 1 1
13 1 1
14 1 1
15 1 1
16 1 1
17 1 1
18 1 1
19 1 1
2 5 1
3 5 1
4 5 1
5 5 1
6 5 1
7 5 1
8 5 1
9 5 1
10 5 1
11 5 1
12 5 1
13 5 1
14 5 1
15 5 1
16 5 1
17 5 1
18 5 1
19 5 1
20 7 1
21 7 1
4 9 1
22 9 1
23 9 1
24 9 1
25 9 1
26 9 1
27 9 1
3 11 1
17 11 1
18 11 1
19 11 1
28 11 1
29 11 1
20 13 1
21 13 1
4 15 1
22 15 1
23 15 1
24 15 1
25 15 1
26 15 1
27 15 1
3 17 1
5 17 1
11 17 1
19 17 1
30 17 1
31 17 1
32 17 1
33 17 1
34 17 1
35 17 1
36 17 1
37 17 1
38 17 1
39 17 1
40 17 1
41 17 1
42 17 1
43 17 1
44 17 1
45 17 1
46 17 1
47 17 1
48 17 1
49 17 1
50 17 1
51 17 1
52 17 1
53 17 1
54 17 1
55 17 1
56 17 1
57 17 1
58 17 1
59 17 1
60 17 1
61 17 1
62 17 1
63 17 1
64 17 1
65 17 1
66 17 1
67 17 1
68 17 1
69 17 1
70 17 1
71 17 1
72 17 1
73 17 1
74 17 1
75 17 1
76 17 1
77 17 1
78 17 1
3 18 1
5 18 1
11 18 1
17 18 1
19 18 1
30 18 1
31 18 1
32 18 1
33 18 1
34 18 1
35 18 1
36 18 1
37 18 1
38 18 1
39 18 1
40 18 1
41 18 1
42 18 1
43 18 1
44 18 1
45 18 1
46 18 1
47 18 1
48 18 1
49 18 1
50 18 1
51 18 1
52 18 1
53 18 1
54 18 1
55 18 1
56 18 1
57 18 1
58 18 1
59 18 1
60 18 1
61 18 1
62 18 1
63 18 1
64 18 1
65 18 1
66 18 1
67 18 1
69 18 1
70 18 1
71 18 1
72 18 1
73 18 1
74 18 1
75 18 1
76 18 1
77 18 1
78 18 1
79 18 1
80 18 1
81 18 1
82 18 1
83 18 1
84 18 1
85 18 1
5 19 1
72 19 1
86 19 1
87 19 1
88 19 1
89 19 1
90 19 1
91 19 1
4 22 1
92 22 1
93 22 1
94 22 1
95 22 1
96 22 1
97 22 1
98 22 1
99 22 1
100 22 1
4 23 1
22 23 1
23 23 1
24 23 1
25 23 1
26 23 1
27 23 1
4 25 1
92 25 1
97 25 1
99 25 1
30 30 1
31 31 1
32 32 1
31 33 1
32 33 1
33 33 1
31 34 1
32 34 1
33 34 1
34 34 1
3 35 1
17 35 1
18 35 1
19 35 1
28 35 1
29 35 1
3 36 1
17 36 1
18 36 1
19 36 1
28 36 1
29 36 1
44 36 1
5 37 1
11 37 1
19 37 1
35 37 1
36 37 1
37 37 1
38 37 1
39 37 1
40 37 1
41 37 1
42 37 1
43 37 1
44 37 1
46 37 1
47 37 1
48 37 1
49 37 1
50 37 1
51 37 1
52 37 1
53 37 1
54 37 1
55 37 1
56 37 1
58 37 1
59 37 1
60 37 1
62 37 1
63 37 1
64 37 1
65 37 1
66 37 1
67 37 1
69 37 1
70 37 1
71 37 1
73 37 1
74 37 1
75 37 1
76 37 1
77 37 1
78 37 1
83 37 1
5 38 1
11 38 1
19 38 1
35 38 1
36 38 1
37 38 1
38 38 1
39 38 1
40 38 1
41 38 1
42 38 1
43 38 1
44 38 1
46 38 1
47 38 1
48 38 1
49 38 1
50 38 1
51 38 1
52 38 1
53 38 1
54 38 1
55 38 1
56 38 1
58 38 1
59 38 1
60 38 1
62 38 1
63 38 1
64 38 1
65 38 1
66 38 1
67 38 1
69 38 1
70 38 1
71 38 1
73 38 1
74 38 1
75 38 1
76 38 1
77 38 1
78 38 1
83 38 1
5 39 1
11 39 1
19 39 1
35 39 1
36 39 1
37 39 1
38 39 1
39 39 1
40 39 1
41 39 1
42 39 1
43 39 1
44 39 1
46 39 1
47 39 1
48 39 1
49 39 1
50 39 1
51 39 1
52 39 1
53 39 1
54 39 1
55 39 1
56 39 1
58 39 1
59 39 1
60 39 1
62 39 1
63 39 1
64 39 1
65 39 1
66 39 1
67 39 1
69 39 1
70 39 1
71 39 1
73 39 1
74 39 1
75 39 1
76 39 1
77 39 1
78 39 1
83 39 1
5 40 1
11 40 1
19 40 1
35 40 1
36 40 1
37 40 1
38 40 1
39 40 1
40 40 1
41 40 1
42 40 1
43 40 1
44 40 1
46 40 1
47 40 1
48 40 1
49 40 1
50 40 1
51 40 1
52 40 1
53 40 1
54 40 1
55 40 1
56 40 1
58 40 1
59 40 1
60 40 1
62 40 1
63 40 1
64 40 1
65 40 1
66 40 1
67 40 1
69 40 1
70 40 1
71 40 1
73 40 1
74 40 1
75 40 1
76 40 1
77 40 1
78 40 1
83 40 1
5 41 1
11 41 1
19 41 1
35 41 1
36 41 1
37 41 1
38 41 1
39 41 1
40 41 1
41 41 1
42 41 1
43 41 1
44 41 1
46 41 1
47 41 1
48 41 1
49 41 1
50 41 1
51 41 1
52 41 1
53 41 1
54 41 1
55 41 1
56 41 1
58 41 1
59 41 1
60 41 1
62 41 1
63 41 1
64 41 1
65 41 1
66 41 1
67 41 1
69 41 1
70 41 1
71 41 1
73 41 1
74 41 1
75 41 1
76 41 1
77 41 1
78 41 1
83 41 1
5 42 1
11 42 1
19 42 1
35 42 1
36 42 1
37 42 1
38 42 1
39 42 1
40 42 1
41 42 1
42 42 1
43 42 1
44 42 1
46 42 1
47 42 1
48 42 1
49 42 1
50 42 1
51 42 1
52 42 1
53 42 1
54 42 1
55 42 1
56 42 1
58 42 1
59 42 1
60 42 1
62 42 1
63 42 1
64 42 1
65 42 1
66 42 1
67 42 1
69 42 1
70 42 1
71 42 1
73 42 1
74 42 1
75 42 1
76 42 1
77 42 1
78 42 1
83 42 1
3 43 1
5 43 1
11 43 1
19 43 1
30 43 1
31 43 1
32 43 1
33 43 1
34 43 1
35 43 1
36 43 1
37 43 1
38 43 1
39 43 1
40 43 1
41 43 1
42 43 1
43 43 1
44 43 1
45 43 1
46 43 1
47 43 1
48 43 1
49 43 1
50 43 1
51 43 1
52 43 1
53 43 1
54 43 1
55 43 1
56 43 1
57 43 1
58 43 1
59 43 1
60 43 1
61 43 1
62 43 1
63 43 1
64 43 1
65 43 1
66 43 1
67 43 1
69 43 1
70 43 1
71 43 1
72 43 1
73 43 1
74 43 1
75 43 1
76 43 1
77 43 1
78 43 1
5 44 1
11 44 1
19 44 1
35 44 1
36 44 1
37 44 1
43 44 1
44 44 1
45 44 1
46 44 1
47 44 1
48 44 1
50 44 1
52 44 1
57 44 1
59 44 1
69 44 1
70 44 1
71 44 1
72 44 1
73 44 1
74 44 1
75 44 1
76 44 1
77 44 1
78 44 1
4 46 1
5 46 1
11 46 1
19 46 1
35 46 1
36 46 1
37 46 1
38 46 1
39 46 1
40 46 1
41 46 1
42 46 1
43 46 1
44 46 1
45 46 1
46 46 1
47 46 1
48 46 1
49 46 1
50 46 1
51 46 1
52 46 1
53 46 1
54 46 1
55 46 1
56 46 1
57 46 1
58 46 1
59 46 1
60 46 1
61 46 1
62 46 1
63 46 1
64 46 1
65 46 1
66 46 1
67 46 1
69 46 1
70 46 1
71 46 1
72 46 1
73 46 1
74 46 1
75 46 1
76 46 1
77 46 1
78 46 1
3 47 1
17 47 1
18 47 1
19 47 1
28 47 1
29 47 1
3 48 1
17 48 1
18 48 1
19 48 1
28 48 1
29 48 1
3 49 1
17 49 1
18 49 1
19 49 1
28 49 1
29 49 1
3 50 1
17 50 1
18 50 1
19 50 1
28 50 1
29 50 1
3 51 1
17 51 1
18 51 1
19 51 1
28 51 1
29 51 1
5 53 1
11 53 1
19 53 1
35 53 1
36 53 1
37 53 1
38 53 1
39 53 1
40 53 1
41 53 1
42 53 1
43 53 1
44 53 1
45 53 1
46 53 1
47 53 1
48 53 1
49 53 1
50 53 1
51 53 1
52 53 1
53 53 1
54 53 1
55 53 1
56 53 1
57 53 1
58 53 1
59 53 1
60 53 1
61 53 1
62 53 1
63 53 1
64 53 1
65 53 1
66 53 1
67 53 1
69 53 1
70 53 1
71 53 1
72 53 1
73 53 1
74 53 1
75 53 1
76 53 1
77 53 1
78 53 1
3 54 1
17 54 1
18 54 1
19 54 1
28 54 1
29 54 1
3 56 1
17 56 1
18 56 1
19 56 1
28 56 1
29 56 1
5 57 1
72 57 1
90 57 1
91 57 1
3 58 1
17 58 1
18 58 1
19 58 1
28 58 1
29 58 1
5 59 1
6 59 1
19 59 1
35 59 1
36 59 1
37 59 1
47 59 1
60 59 1
61 59 1
62 59 1
63 59 1
64 59 1
65 59 1
66 59 1
67 59 1
69 59 1
70 59 1
71 59 1
73 59 1
2 60 1
3 60 1
5 60 1
11 60 1
19 60 1
35 60 1
36 60 1
37 60 1
38 60 1
39 60 1
40 60 1
41 60 1
42 60 1
43 60 1
44 60 1
45 60 1
46 60 1
47 60 1
48 60 1
49 60 1
50 60 1
51 60 1
52 60 1
53 60 1
54 60 1
55 60 1
56 60 1
57 60 1
58 60 1
59 60 1
60 60 1
61 60 1
62 60 1
63 60 1
64 60 1
65 60 1
66 60 1
67 60 1
69 60 1
70 60 1
71 60 1
72 60 1
73 60 1
74 60 1
75 60 1
76 60 1
77 60 1
78 60 1
82 60 1
83 60 1
3 61 1
5 61 1
11 61 1
19 61 1
30 61 1
31 61 1
32 61 1
33 61 1
34 61 1
35 61 1
36 61 1
37 61 1
38 61 1
39 61 1
40 61 1
41 61 1
42 61 1
43 61 1
44 61 1
45 61 1
46 61 1
47 61 1
48 61 1
49 61 1
50 61 1
51 61 1
52 61 1
53 61 1
54 61 1
55 61 1
56 61 1
57 61 1
58 61 1
59 61 1
60 61 1
61 61 1
62 61 1
63 61 1
64 61 1
65 61 1
66 61 1
67 61 1
69 61 1
70 61 1
71 61 1
72 61 1
73 61 1
74 61 1
75 61 1
76 61 1
77 61 1
78 61 1
5 62 1
19 62 1
35 62 1
36 62 1
37 62 1
47 62 1
60 62 1
61 62 1
62 62 1
63 62 1
64 62 1
65 62 1
66 62 1
67 62 1
69 62 1
70 62 1
71 62 1
73 62 1
3 63 1
17 63 1
18 63 1
19 63 1
28 63 1
29 63 1
3 64 1
17 64 1
18 64 1
19 64 1
28 64 1
29 64 1
3 65 1
5 65 1
11 65 1
19 65 1
30 65 1
31 65 1
32 65 1
33 65 1
34 65 1
35 65 1
36 65 1
37 65 1
38 65 1
39 65 1
40 65 1
41 65 1
42 65 1
43 65 1
44 65 1
45 65 1
46 65 1
47 65 1
48 65 1
49 65 1
50 65 1
51 65 1
52 65 1
53 65 1
54 65 1
55 65 1
56 65 1
57 65 1
58 65 1
59 65 1
60 65 1
61 65 1
62 65 1
63 65 1
64 65 1
65 65 1
66 65 1
67 65 1
69 65 1
70 65 1
71 65 1
72 65 1
73 65 1
74 65 1
75 65 1
76 65 1
77 65 1
78 65 1
3 67 1
17 67 1
18 67 1
19 67 1
28 67 1
29 67 1
31 68 1
68 68 1
3 69 1
17 69 1
18 69 1
19 69 1
28 69 1
29 69 1
44 69 1
46 69 1
52 69 1
59 69 1
84 69 1
3 70 1
17 70 1
18 70 1
19 70 1
28 70 1
29 70 1
3 71 1
17 71 1
18 71 1
19 71 1
28 71 1
29 71 1
3 72 1
5 72 1
11 72 1
19 72 1
30 72 1
31 72 1
32 72 1
33 72 1
34 72 1
35 72 1
36 72 1
37 72 1
38 72 1
39 72 1
40 72 1
41 72 1
42 72 1
43 72 1
44 72 1
45 72 1
46 72 1
47 72 1
48 72 1
49 72 1
50 72 1
51 72 1
52 72 1
53 72 1
54 72 1
55 72 1
56 72 1
57 72 1
58 72 1
59 72 1
60 72 1
61 72 1
62 72 1
63 72 1
64 72 1
65 72 1
66 72 1
67 72 1
68 72 1
69 72 1
70 72 1
71 72 1
72 72 1
73 72 1
74 72 1
75 72 1
76 72 1
77 72 1
78 72 1
