# Created by Octave 5.2.0, Sun Mar 07 15:32:18 2021 CET <helena@helena-Aspire-A315-42>
# name: S
# type: matrix
# rows: 1
# columns: 20
 141594.7676861723 106726.46749482845 661301.35554628738 34175.013479243666 24138.204629308002 216566.51300873733 8619.5454112124989 72905.984187990354 18387.121427127357 13975.536832965401 105009.90125740798 57345.086135570738 161874.91074913857 5754.5435084187147 9554.0180746747774 128556.41381057144 5306.3487094025204 6096.8047983168435 15021.648811025383 5517.0684228213377


